source: https://travis-ci.com/ct2034/smartleitstand#L6369 on https://github.com/ct2034/smartleitstand/commit/6f56e41dbb7853bd8f067c45fdba44a43c7b398f

agents: 1 2 3
tasks: 2 3 4 5

mean ..
[[ 0.16328004  0.25377516  0.82001372  4.8240164 ]
 [ 0.15828246  0.25721062  0.34701395  1.26784964]
 [ 0.2700668   0.35937985  0.38133735  0.67938494]]
std ..
[[ 0.03737506  0.04535878  0.37122742  3.14842433]
 [ 0.04468123  0.15567286  0.26085883  2.3037672 ]
 [ 0.20777547  0.4635024   0.25827737  0.57105345]]