source: https://travis-ci.com/ct2034/smartleitstand#L6369 on https://github.com/ct2034/smartleitstand/commit/6f56e41dbb7853bd8f067c45fdba44a43c7b398f

n_j_s = [1, 2, 3]
n_a_s = [2, 3, 4, 5]

mean ..
[[ 0.16328004  0.25377516  0.82001372  4.8240164 ]
 [ 0.15828246  0.25721062  0.34701395  1.26784964]
 [ 0.2700668   0.35937985  0.38133735  0.67938494]]
std ..
[[ 0.03737506  0.04535878  0.37122742  3.14842433]
 [ 0.04468123  0.15567286  0.26085883  2.3037672 ]
 [ 0.20777547  0.4635024   0.25827737  0.57105345]]


https://github.com/ct2034/smartleitstand/commit/a43d984a6c2f5f435eccc74e7ee9c48bdb5b154f

n_j_s = [2, 3, 4]
n_a_s = [2, 3, 4, 5, 6]

 mean ..
[[ 0.16918688  0.22114344  0.40900725  1.45763978  8.15316806]
 [ 0.36001642  0.35129215  0.48114955  0.83818098  2.41185343]
 [ 1.3675286   2.30713847  2.03500327  1.96735707  2.16724414]]
std ..
[[  0.03924642   0.16342586   0.52081713   2.46392043  13.02570831]
 [  0.55509041   0.27270809   0.54265466   0.76222678   5.55827796]
 [  1.77647616   5.67618641   4.69670465   2.58724007   2.54848486]]